function y=optifun47(x)
%V=878;
%V=700;
%weight=[44 46 90 72 91 40 75 35 8 54 78 40 77 15 61 17 75 29 75 63];
%weight=[56 20 54 42 15];
%weight=[13 18 21 29 11 28 19];
%profit=[92 4 43 83 84 68 92 82 6 44 32 18 56 83 25 96 70 48 14 58];
%profit=[7 5 9 6 3];
%profit=[21 25 27 37 19 33 25];
%y=-profit*x'+8000*((min(0,V-weight*x'))^2+(min(0,2-x(1)-x(2)-x(3)))^2+(min(0,x(4)+x(5)-1))^2+(min(0,x(6)+x(7)-1))^2);
y=3*x(1)^5+4*x(1)*x(3)+2*x(2)^3-7*x(4)*x(5)*x(6)+2*x(4)^2+5*x(5)^3+...
    8*x(6)^2-4*x(1)*x(2)-3*x(1)*x(3)+8000*((min(0,4*x(1)+3*x(2)+2*x(3)+3*x(4)+4*x(5)+6*x(6)-14))^2+...
    (min(0,3*x(1)+2*x(2)+3*x(3)+4*x(4)+2*x(5)+3*x(6)-10))^2);
    

