function [y,y1,g1,g2]=optifun70(x)
a1=(max(0,((x(1)-0.05)^2+(x(2)-2.5)^2-4.84)))^2;
a2=(max(0,(-x(1)^2-(x(2)-2.5)^2+4.84)))^2;
y1=(x(1)^2+x(2)-11)^2+(x(1)+x(2)^2-7)^2;
y=(x(1)^2+x(2)-11)^2+(x(1)+x(2)^2-7)^2+10000*(a1+a2);
g1=4.84-(x(1)-0.05)^2+(x(2)-2.5)^2;
g2=x(1)^2+(x(2)-2.5)^2-4.84;

