function y=optifun9(x)
x1=1:10;
y1=[3.5 3.0 2.6 2.3 2.1 1.9 1.7 1.6 1.5 1.4];
y=y1-(x(1)+x(2)*exp(-0.02*x(3)*x1));
